532 1 3
393 1 3
380 1 3
458 1 1
322 1 1
587 1 3
357 1 1
-1 -1 4
-1 -1 2
490 1 3
320 1 1
525 1 3
-1 -1 2
-1 -1 4
318 1 1
525 1 3
457 1 3
373 1 3
465 1 3
391 1 3
457 1 3
413 1 1
534 1 3
323 1 1
516 1 1
-1 -1 4
352 1 1
590 1 3
-1 -1 4
371 1 1
334 1 1
317 1 1
-1 -1 2
344 1 1
324 1 1
305 1 1
594 1 3
409 1 1
335 1 1
441 1 3
380 1 1
435 1 3
310 1 1
469 1 3
-1 -1 2
351 1 1
464 1 3
496 1 3
404 1 1
471 1 3
-1 -1 4
-1 -1 4
-1 -1 4
-1 -1 2
-1 -1 2
603 1 4
-1 -1 2
829 1 3
457 1 1
-1 -1 4
-1 -1 2
-1 -1 4
341 1 1
584 1 3
-1 -1 2
-1 -1 4
-1 -1 4
-1 -1 4
-1 -1 4
-1 -1 4
-1 -1 4
-1 -1 2
-1 -1 4
-1 -1 2
-1 -1 2
584 1 3
-1 -1 2
-1 -1 4
691 1 3
-1 -1 2
-1 -1 2
-1 -1 2
392 1 1
-1 -1 2
-1 -1 2
-1 -1 2
-1 -1 4
-1 -1 2
-1 -1 2
-1 -1 4
-1 -1 2
-1 -1 4
-1 -1 2
-1 -1 4
708 1 1
-1 -1 2
-1 -1 4
-1 -1 4
-1 -1 2
-1 -1 4
-1 -1 2
589 1 3
-1 -1 4
441 1 1
730 1 3
561 1 1
-1 -1 2
424 1 1
1006 1 3
377 1 1
490 1 3
593 1 3
572 1 1
366 1 1
356 1 1
465 1 3
479 1 3
478 1 1
311 1 1
446 1 3
-1 -1 2
647 1 3
364 1 1
350 1 1
614 1 3
613 1 3
490 1 1
469 1 3
351 1 1
522 1 3
494 1 3
-1 -1 2
408 1 1
567 1 3
-1 -1 4
421 1 1
630 1 3
331 1 1
396 1 1
356 1 1
516 1 3
501 1 4
417 1 1
544 1 3
338 1 1
-1 -1 4
496 1 3
401 1 1
650 1 3
464 1 3
508 1 1
-1 -1 4
659 1 3
-1 -1 2
-1 -1 4
-1 -1 2
413 1 1
-1 -1 2
-1 -1 4
-1 -1 2
-1 -1 4
-1 -1 4
-1 -1 2
-1 -1 2
-1 -1 2
-1 -1 4
-1 -1 4
-1 -1 2
-1 -1 2
-1 -1 4
386 1 1
-1 -1 4
-1 -1 2
-1 -1 2
-1 -1 4
-1 -1 4
-1 -1 2
-1 -1 4
-1 -1 2
-1 -1 4
-1 -1 4
559 1 1
-1 -1 2
-1 -1 4
566 1 3
-1 -1 2
-1 -1 4
-1 -1 2
-1 -1 2
-1 -1 2
-1 -1 4
584 1 3
-1 -1 2
-1 -1 4
-1 -1 2
583 1 3
-1 -1 4
-1 -1 2
-1 -1 4
-1 -1 4
416 1 1
427 1 1
458 1 1
-1 -1 2
740 1 3
680 1 3
454 1 1
-1 -1 4
1252 1 3
-1 -1 2
685 1 3
497 1 1
-1 -1 2
640 1 3
563 1 3
482 1 3
-1 -1 2
543 1 3
497 1 1
532 1 3
-1 -1 4
541 1 3
390 1 1
591 1 3
-1 -1 4
556 1 3
582 1 3
467 1 1
407 1 1
339 1 1
369 1 1
600 1 3
395 1 1
-1 -1 4
861 1 3
346 1 1
433 1 1
352 1 1
627 1 3
407 1 1
328 1 1
592 1 3
369 1 1
464 1 3
641 1 3
552 1 3
508 1 1
346 1 1
356 1 1
540 1 3
-1 -1 2
-1 -1 2
-1 -1 2
412 1 1
-1 -1 4
-1 -1 4
-1 -1 2
543 1 3
-1 -1 4
355 1 1
-1 -1 4
-1 -1 2
439 1 1
-1 -1 4
-1 -1 4
-1 -1 4
400 1 1
-1 -1 4
-1 -1 2
-1 -1 4
568 1 3
-1 -1 4
-1 -1 2
-1 -1 4
622 1 3
-1 -1 4
-1 -1 4
-1 -1 2
-1 -1 2
-1 -1 2
-1 -1 2
-1 -1 4
-1 -1 2
551 1 3
-1 -1 4
-1 -1 2
-1 -1 2
-1 -1 2
-1 -1 4
-1 -1 2
-1 -1 2
-1 -1 4
-1 -1 2
-1 -1 4
-1 -1 4
-1 -1 4
-1 -1 2
-1 -1 2
-1 -1 2
-1 -1 4
516 1 1
719 1 3
408 1 1
484 1 3
363 1 1
555 1 3
508 1 3
542 1 3
482 1 3
568 1 1
-1 -1 4
625 1 3
519 1 3
474 1 3
-1 -1 2
375 1 1
508 1 3
537 1 3
486 1 4
-1 -1 2
-1 -1 4
519 1 3
478 1 3
-1 -1 2
406 1 1
-1 -1 4
571 1 3
384 1 1
579 1 3
344 1 1
462 1 1
663 1 3
385 1 1
420 1 1
374 1 1
382 1 1
388 1 1
687 1 3
472 1 1
413 1 1
418 1 1
396 1 1
753 1 3
734 1 1
625 1 3
648 1 3
594 1 3
-1 -1 2
485 1 1
419 1 1
-1 -1 2
-1 -1 4
-1 -1 2
-1 -1 4
-1 -1 2
-1 -1 4
-1 -1 4
-1 -1 4
-1 -1 4
-1 -1 2
733 1 3
-1 -1 4
-1 -1 4
-1 -1 4
498 1 1
-1 -1 2
-1 -1 4
-1 -1 4
665 1 3
661 1 1
673 1 3
-1 -1 4
-1 -1 4
556 1 1
-1 -1 2
635 1 3
-1 -1 4
-1 -1 2
-1 -1 4
-1 -1 2
-1 -1 2
-1 -1 4
-1 -1 2
-1 -1 2
-1 -1 2
-1 -1 2
-1 -1 2
-1 -1 4
-1 -1 2
-1 -1 2
-1 -1 2
-1 -1 2
-1 -1 4
-1 -1 2
-1 -1 4
-1 -1 4
-1 -1 4
567 1 1
-1 -1 2
-1 -1 2
708 1 3
-1 -1 2
586 1 1
499 1 1
446 1 1
417 1 1
433 1 1
-1 -1 2
476 1 1
718 1 3
459 1 1
618 1 3
463 1 1
631 1 3
-1 -1 4
564 1 1
436 1 1
403 1 1
634 1 3
473 1 1
409 1 1
-1 -1 2
484 1 3
-1 -1 4
530 1 3
-1 -1 4
466 1 1
779 1 3
559 1 3
537 1 1
-1 -1 2
659 1 3
645 1 3
621 1 3
584 1 3
622 1 1
515 1 1
432 1 1
750 1 3
538 1 3
549 1 1
713 1 3
547 1 3
523 1 3
-1 -1 4
449 1 1
593 1 3
568 1 3
631 1 1
519 1 3
-1 -1 4
424 1 1
-1 -1 2
-1 -1 2
-1 -1 2
-1 -1 2
-1 -1 2
506 1 1
-1 -1 2
-1 -1 4
-1 -1 2
-1 -1 4
-1 -1 2
-1 -1 4
704 1 3
-1 -1 2
-1 -1 2
-1 -1 2
-1 -1 4
-1 -1 2
-1 -1 2
660 1 1
-1 -1 4
696 1 3
-1 -1 4
1009 1 3
-1 -1 2
-1 -1 4
-1 -1 4
-1 -1 2
500 1 1
-1 -1 4
-1 -1 4
-1 -1 4
-1 -1 4
-1 -1 2
-1 -1 2
-1 -1 2
-1 -1 4
-1 -1 4
-1 -1 2
-1 -1 4
-1 -1 4
-1 -1 4
660 1 3
-1 -1 2
-1 -1 4
-1 -1 4
-1 -1 2
-1 -1 4
